number	latency	duration	channel	bvtime	bvmknum	type	code	urevent	epoch
1.000000	1001.000000	1.000000	0.000000		2.000000	S  2	Stimulus	2.000000	1.000000
2.000000	1638.000000	1.000000	0.000000		3.000000	S  6	Stimulus	3.000000	1.000000
3.000000	5001.000000	1.000000	0.000000		8.000000	S  1	Stimulus	8.000000	2.000000
4.000000	5497.000000	1.000000	0.000000		9.000000	S  6	Stimulus	9.000000	2.000000
5.000000	9001.000000	1.000000	0.000000		10.000000	S  2	Stimulus	10.000000	3.000000
6.000000	9552.000000	1.000000	0.000000		11.000000	S  6	Stimulus	11.000000	3.000000
7.000000	13001.000000	1.000000	0.000000		12.000000	S  1	Stimulus	12.000000	4.000000
8.000000	13603.000000	1.000000	0.000000		13.000000	S  6	Stimulus	13.000000	4.000000
9.000000	17001.000000	1.000000	0.000000		14.000000	S  1	Stimulus	14.000000	5.000000
10.000000	17441.000000	1.000000	0.000000		15.000000	S  6	Stimulus	15.000000	5.000000
11.000000	21001.000000	1.000000	0.000000		16.000000	S  2	Stimulus	16.000000	6.000000
12.000000	21471.000000	1.000000	0.000000		17.000000	S  6	Stimulus	17.000000	6.000000
13.000000	25001.000000	1.000000	0.000000		18.000000	S  2	Stimulus	18.000000	7.000000
14.000000	25458.000000	1.000000	0.000000		19.000000	S  6	Stimulus	19.000000	7.000000
15.000000	29001.000000	1.000000	0.000000		20.000000	S  1	Stimulus	20.000000	8.000000
16.000000	29523.000000	1.000000	0.000000		21.000000	S  6	Stimulus	21.000000	8.000000
17.000000	33001.000000	1.000000	0.000000		22.000000	S  1	Stimulus	22.000000	9.000000
18.000000	33476.000000	1.000000	0.000000		23.000000	S  6	Stimulus	23.000000	9.000000
19.000000	37001.000000	1.000000	0.000000		24.000000	S  2	Stimulus	24.000000	10.000000
20.000000	37460.000000	1.000000	0.000000		25.000000	S  6	Stimulus	25.000000	10.000000
21.000000	41001.000000	1.000000	0.000000		26.000000	S  2	Stimulus	26.000000	11.000000
22.000000	41444.000000	1.000000	0.000000		27.000000	S  4	Stimulus	27.000000	11.000000
23.000000	45001.000000	1.000000	0.000000		28.000000	S  1	Stimulus	28.000000	12.000000
24.000000	45560.000000	1.000000	0.000000		29.000000	S  6	Stimulus	29.000000	12.000000
25.000000	49001.000000	1.000000	0.000000		30.000000	S  2	Stimulus	30.000000	13.000000
26.000000	49480.000000	1.000000	0.000000		31.000000	S  6	Stimulus	31.000000	13.000000
27.000000	53001.000000	1.000000	0.000000		32.000000	S  1	Stimulus	32.000000	14.000000
28.000000	53705.000000	1.000000	0.000000		33.000000	S  6	Stimulus	33.000000	14.000000
29.000000	57001.000000	1.000000	0.000000		34.000000	S  2	Stimulus	34.000000	15.000000
30.000000	57558.000000	1.000000	0.000000		35.000000	S  6	Stimulus	35.000000	15.000000
31.000000	61001.000000	1.000000	0.000000		36.000000	S  1	Stimulus	36.000000	16.000000
32.000000	61602.000000	1.000000	0.000000		37.000000	S  6	Stimulus	37.000000	16.000000
33.000000	65001.000000	1.000000	0.000000		38.000000	S  2	Stimulus	38.000000	17.000000
34.000000	65533.000000	1.000000	0.000000		39.000000	S  6	Stimulus	39.000000	17.000000
35.000000	69001.000000	1.000000	0.000000		40.000000	S  1	Stimulus	40.000000	18.000000
36.000000	69534.000000	1.000000	0.000000		41.000000	S  6	Stimulus	41.000000	18.000000
37.000000	73001.000000	1.000000	0.000000		42.000000	S  2	Stimulus	42.000000	19.000000
38.000000	73475.000000	1.000000	0.000000		43.000000	S  6	Stimulus	43.000000	19.000000
39.000000	77001.000000	1.000000	0.000000		44.000000	S  1	Stimulus	44.000000	20.000000
40.000000	77411.000000	1.000000	0.000000		45.000000	S  6	Stimulus	45.000000	20.000000
41.000000	81001.000000	1.000000	0.000000		46.000000	S  1	Stimulus	46.000000	21.000000
42.000000	81461.000000	1.000000	0.000000		47.000000	S  6	Stimulus	47.000000	21.000000
43.000000	85001.000000	1.000000	0.000000		48.000000	S  2	Stimulus	48.000000	22.000000
44.000000	85654.000000	1.000000	0.000000		49.000000	S  6	Stimulus	49.000000	22.000000
45.000000	89001.000000	1.000000	0.000000		50.000000	S  2	Stimulus	50.000000	23.000000
46.000000	89517.000000	1.000000	0.000000		51.000000	S  6	Stimulus	51.000000	23.000000
47.000000	93001.000000	1.000000	0.000000		52.000000	S  1	Stimulus	52.000000	24.000000
48.000000	93612.000000	1.000000	0.000000		53.000000	S  6	Stimulus	53.000000	24.000000
49.000000	97001.000000	1.000000	0.000000		54.000000	S  1	Stimulus	54.000000	25.000000
50.000000	97566.000000	1.000000	0.000000		55.000000	S  6	Stimulus	55.000000	25.000000
51.000000	101001.000000	1.000000	0.000000		56.000000	S  2	Stimulus	56.000000	26.000000
52.000000	101529.000000	1.000000	0.000000		57.000000	S  6	Stimulus	57.000000	26.000000
53.000000	105001.000000	1.000000	0.000000		58.000000	S  1	Stimulus	58.000000	27.000000
54.000000	105699.000000	1.000000	0.000000		59.000000	S  6	Stimulus	59.000000	27.000000
55.000000	109001.000000	1.000000	0.000000		60.000000	S  2	Stimulus	60.000000	28.000000
56.000000	109594.000000	1.000000	0.000000		61.000000	S  6	Stimulus	61.000000	28.000000
57.000000	113001.000000	1.000000	0.000000		62.000000	S  1	Stimulus	62.000000	29.000000
58.000000	113570.000000	1.000000	0.000000		63.000000	S  6	Stimulus	63.000000	29.000000
59.000000	117001.000000	1.000000	0.000000		64.000000	S  2	Stimulus	64.000000	30.000000
60.000000	117653.000000	1.000000	0.000000		65.000000	S  6	Stimulus	65.000000	30.000000
61.000000	121001.000000	1.000000	0.000000		66.000000	S  1	Stimulus	66.000000	31.000000
62.000000	121525.000000	1.000000	0.000000		67.000000	S  6	Stimulus	67.000000	31.000000
63.000000	125001.000000	1.000000	0.000000		68.000000	S  2	Stimulus	68.000000	32.000000
64.000000	125579.000000	1.000000	0.000000		69.000000	S  6	Stimulus	69.000000	32.000000
65.000000	129001.000000	1.000000	0.000000		75.000000	S  1	Stimulus	75.000000	33.000000
66.000000	129751.000000	1.000000	0.000000		76.000000	S  4	Stimulus	76.000000	33.000000
67.000000	133001.000000	1.000000	0.000000		77.000000	S  2	Stimulus	77.000000	34.000000
68.000000	133533.000000	1.000000	0.000000		78.000000	S  6	Stimulus	78.000000	34.000000
69.000000	137001.000000	1.000000	0.000000		79.000000	S  2	Stimulus	79.000000	35.000000
70.000000	137507.000000	1.000000	0.000000		80.000000	S  6	Stimulus	80.000000	35.000000
71.000000	141001.000000	1.000000	0.000000		81.000000	S  1	Stimulus	81.000000	36.000000
72.000000	141674.000000	1.000000	0.000000		82.000000	S  6	Stimulus	82.000000	36.000000
73.000000	145001.000000	1.000000	0.000000		90.000000	S  1	Stimulus	90.000000	37.000000
74.000000	145654.000000	1.000000	0.000000		91.000000	S  6	Stimulus	91.000000	37.000000
75.000000	149001.000000	1.000000	0.000000		92.000000	S  1	Stimulus	92.000000	38.000000
76.000000	149567.000000	1.000000	0.000000		93.000000	S  6	Stimulus	93.000000	38.000000
77.000000	153001.000000	1.000000	0.000000		100.000000	S  1	Stimulus	100.000000	39.000000
78.000000	153698.000000	1.000000	0.000000		101.000000	S  4	Stimulus	101.000000	39.000000
79.000000	157001.000000	1.000000	0.000000		106.000000	S  1	Stimulus	106.000000	40.000000
80.000000	157725.000000	1.000000	0.000000		107.000000	S  6	Stimulus	107.000000	40.000000
81.000000	161001.000000	1.000000	0.000000		110.000000	S  2	Stimulus	110.000000	41.000000
82.000000	161724.000000	1.000000	0.000000		111.000000	S  6	Stimulus	111.000000	41.000000
83.000000	165001.000000	1.000000	0.000000		115.000000	S  2	Stimulus	115.000000	42.000000
84.000000	165689.000000	1.000000	0.000000		116.000000	S  6	Stimulus	116.000000	42.000000
85.000000	169001.000000	1.000000	0.000000		117.000000	S  2	Stimulus	117.000000	43.000000
86.000000	169621.000000	1.000000	0.000000		118.000000	S  6	Stimulus	118.000000	43.000000
87.000000	173001.000000	1.000000	0.000000		119.000000	S  1	Stimulus	119.000000	44.000000
88.000000	173666.000000	1.000000	0.000000		120.000000	S  6	Stimulus	120.000000	44.000000
89.000000	177001.000000	1.000000	0.000000		121.000000	S  2	Stimulus	121.000000	45.000000
90.000000	177675.000000	1.000000	0.000000		122.000000	S  6	Stimulus	122.000000	45.000000
91.000000	181001.000000	1.000000	0.000000		123.000000	S  1	Stimulus	123.000000	46.000000
92.000000	181539.000000	1.000000	0.000000		124.000000	S  6	Stimulus	124.000000	46.000000
93.000000	185001.000000	1.000000	0.000000		125.000000	S  1	Stimulus	125.000000	47.000000
94.000000	185572.000000	1.000000	0.000000		126.000000	S  6	Stimulus	126.000000	47.000000
95.000000	189001.000000	1.000000	0.000000		131.000000	S  2	Stimulus	131.000000	48.000000
96.000000	189604.000000	1.000000	0.000000		132.000000	S  6	Stimulus	132.000000	48.000000
97.000000	193001.000000	1.000000	0.000000		133.000000	S  1	Stimulus	133.000000	49.000000
98.000000	193751.000000	1.000000	0.000000		134.000000	S  4	Stimulus	134.000000	49.000000
99.000000	197001.000000	1.000000	0.000000		135.000000	S  2	Stimulus	135.000000	50.000000
100.000000	197623.000000	1.000000	0.000000		136.000000	S  6	Stimulus	136.000000	50.000000
101.000000	201001.000000	1.000000	0.000000		139.000000	S  2	Stimulus	139.000000	51.000000
102.000000	201534.000000	1.000000	0.000000		140.000000	S  6	Stimulus	140.000000	51.000000
103.000000	205001.000000	1.000000	0.000000		143.000000	S  2	Stimulus	143.000000	52.000000
104.000000	205577.000000	1.000000	0.000000		144.000000	S  6	Stimulus	144.000000	52.000000
105.000000	209001.000000	1.000000	0.000000		145.000000	S  1	Stimulus	145.000000	53.000000
106.000000	209749.000000	1.000000	0.000000		146.000000	S  6	Stimulus	146.000000	53.000000
107.000000	213001.000000	1.000000	0.000000		154.000000	S  1	Stimulus	154.000000	54.000000
108.000000	213711.000000	1.000000	0.000000		155.000000	S  6	Stimulus	155.000000	54.000000
109.000000	217001.000000	1.000000	0.000000		156.000000	S  2	Stimulus	156.000000	55.000000
110.000000	217743.000000	1.000000	0.000000		157.000000	S  6	Stimulus	157.000000	55.000000
111.000000	221001.000000	1.000000	0.000000		158.000000	S  2	Stimulus	158.000000	56.000000
112.000000	221683.000000	1.000000	0.000000		159.000000	S  6	Stimulus	159.000000	56.000000
113.000000	225001.000000	1.000000	0.000000		162.000000	S  2	Stimulus	162.000000	57.000000
114.000000	225744.000000	1.000000	0.000000		163.000000	S  6	Stimulus	163.000000	57.000000
115.000000	229001.000000	1.000000	0.000000		164.000000	S  1	Stimulus	164.000000	58.000000
116.000000	229751.000000	1.000000	0.000000		165.000000	S  4	Stimulus	165.000000	58.000000
117.000000	233001.000000	1.000000	0.000000		170.000000	S  2	Stimulus	170.000000	59.000000
118.000000	233607.000000	1.000000	0.000000		171.000000	S  6	Stimulus	171.000000	59.000000
119.000000	237001.000000	1.000000	0.000000		172.000000	S  1	Stimulus	172.000000	60.000000
120.000000	237671.000000	1.000000	0.000000		173.000000	S  6	Stimulus	173.000000	60.000000
121.000000	241001.000000	1.000000	0.000000		174.000000	S  2	Stimulus	174.000000	61.000000
122.000000	241574.000000	1.000000	0.000000		175.000000	S  6	Stimulus	175.000000	61.000000
123.000000	245001.000000	1.000000	0.000000		176.000000	S  1	Stimulus	176.000000	62.000000
124.000000	245494.000000	1.000000	0.000000		177.000000	S  6	Stimulus	177.000000	62.000000
125.000000	249001.000000	1.000000	0.000000		178.000000	S  2	Stimulus	178.000000	63.000000
126.000000	249508.000000	1.000000	0.000000		179.000000	S  6	Stimulus	179.000000	63.000000
127.000000	253001.000000	1.000000	0.000000		180.000000	S  1	Stimulus	180.000000	64.000000
128.000000	253550.000000	1.000000	0.000000		181.000000	S  6	Stimulus	181.000000	64.000000
129.000000	257001.000000	1.000000	0.000000		184.000000	S  1	Stimulus	184.000000	65.000000
130.000000	257577.000000	1.000000	0.000000		185.000000	S  6	Stimulus	185.000000	65.000000
131.000000	261001.000000	1.000000	0.000000		188.000000	S  2	Stimulus	188.000000	66.000000
132.000000	261667.000000	1.000000	0.000000		189.000000	S  6	Stimulus	189.000000	66.000000
133.000000	265001.000000	1.000000	0.000000		190.000000	S  2	Stimulus	190.000000	67.000000
134.000000	265631.000000	1.000000	0.000000		191.000000	S  4	Stimulus	191.000000	67.000000
135.000000	269001.000000	1.000000	0.000000		192.000000	S  1	Stimulus	192.000000	68.000000
136.000000	269725.000000	1.000000	0.000000		193.000000	S  6	Stimulus	193.000000	68.000000
137.000000	273001.000000	1.000000	0.000000		201.000000	S  2	Stimulus	201.000000	69.000000
138.000000	273562.000000	1.000000	0.000000		202.000000	S  6	Stimulus	202.000000	69.000000
139.000000	277001.000000	1.000000	0.000000		203.000000	S  2	Stimulus	203.000000	70.000000
140.000000	277570.000000	1.000000	0.000000		204.000000	S  6	Stimulus	204.000000	70.000000
141.000000	281001.000000	1.000000	0.000000		209.000000	S  1	Stimulus	209.000000	71.000000
142.000000	281751.000000	1.000000	0.000000		210.000000	S  4	Stimulus	210.000000	71.000000
143.000000	285001.000000	1.000000	0.000000		211.000000	S  2	Stimulus	211.000000	72.000000
144.000000	285684.000000	1.000000	0.000000		212.000000	S  6	Stimulus	212.000000	72.000000
145.000000	289001.000000	1.000000	0.000000		216.000000	S  2	Stimulus	216.000000	73.000000
146.000000	289688.000000	1.000000	0.000000		217.000000	S  6	Stimulus	217.000000	73.000000
147.000000	293001.000000	1.000000	0.000000		218.000000	S  1	Stimulus	218.000000	74.000000
148.000000	293687.000000	1.000000	0.000000		219.000000	S  6	Stimulus	219.000000	74.000000
149.000000	297001.000000	1.000000	0.000000		225.000000	S  1	Stimulus	225.000000	75.000000
150.000000	297751.000000	1.000000	0.000000		226.000000	S  4	Stimulus	226.000000	75.000000
151.000000	301001.000000	1.000000	0.000000		229.000000	S  1	Stimulus	229.000000	76.000000
152.000000	301571.000000	1.000000	0.000000		230.000000	S  6	Stimulus	230.000000	76.000000
153.000000	305001.000000	1.000000	0.000000		248.000000	S  1	Stimulus	248.000000	77.000000
154.000000	305527.000000	1.000000	0.000000		249.000000	S  6	Stimulus	249.000000	77.000000
155.000000	309001.000000	1.000000	0.000000		252.000000	S  1	Stimulus	252.000000	78.000000
156.000000	309654.000000	1.000000	0.000000		253.000000	S  6	Stimulus	253.000000	78.000000
157.000000	313001.000000	1.000000	0.000000		256.000000	S  1	Stimulus	256.000000	79.000000
158.000000	313686.000000	1.000000	0.000000		257.000000	S  6	Stimulus	257.000000	79.000000
